0 -0.000001033  0.000000000 -1.000001033  0.500001033 -0.866027033  0.000000000 -0.866026000 -0.500001033 -0.000001033
1 -0.166665613  0.833332754 -0.527045719  0.833332754 -0.166665613 -0.527045719 -0.527045719 -0.527045719 -0.666665508
2 -0.833333437  0.166666511  0.527046072  0.166666511 -0.833333437  0.527046072  0.527046072  0.527046072  0.666666978
3 -0.833333437  0.166666511 -0.527046072  0.166666511 -0.833333437 -0.527046072 -0.527046072 -0.527046072  0.666666978
4 -0.166665613  0.833332754  0.527045719  0.833332754 -0.166665613  0.527045719  0.527045719  0.527045719 -0.666665508
5 -0.833333437 -0.166666511 -0.527046072 -0.166666511 -0.833333437  0.527046072 -0.527046072  0.527046072  0.666666978
6 -0.166665613 -0.833332754  0.527045719 -0.833332754 -0.166665613 -0.527045719  0.527045719 -0.527045719 -0.666665508
7 -0.166665613 -0.833332754 -0.527045719 -0.833332754 -0.166665613  0.527045719 -0.527045719  0.527045719 -0.666665508
8 -0.833333437 -0.166666511  0.527046072 -0.166666511 -0.833333437 -0.527046072  0.527046072 -0.527046072  0.666666978
9  0.207787788  0.936462740 -0.282597275  0.914894507 -0.288281048 -0.282597205 -0.346109411 -0.199826614 -0.916665841
10  0.207787788  0.936462740  0.282597275  0.914894507 -0.288281048  0.282597205  0.346109411  0.199826614 -0.916665841
11  0.207787788 -0.936462740  0.282597275 -0.914894507 -0.288281048 -0.282597205  0.346109411 -0.199826614 -0.916665841
12  0.207787788 -0.936462740 -0.282597275 -0.914894507 -0.288281048  0.282597205 -0.346109411  0.199826614 -0.916665841
13 -0.288281048  0.914894507 -0.282597205  0.936462740  0.207787788 -0.282597275 -0.199826614 -0.346109411 -0.916665841
14 -0.288281048  0.914894507  0.282597205  0.936462740  0.207787788  0.282597275  0.199826614  0.346109411 -0.916665841
15 -0.288281048 -0.914894507  0.282597205 -0.936462740  0.207787788 -0.282597275  0.199826614 -0.346109411 -0.916665841
16 -0.288281048 -0.914894507 -0.282597205 -0.936462740  0.207787788  0.282597275 -0.199826614  0.346109411 -0.916665841
17 -0.146447174  0.353553064 -0.923879136  0.353553064 -0.853552749 -0.382683480 -0.923879136 -0.382683480  0.000001315
18 -0.146447174  0.353553064  0.923879136  0.353553064 -0.853552749  0.382683480  0.923879136  0.382683480  0.000001315
19  0.422588872  0.589256521 -0.688618846  0.589256521 -0.755922628 -0.285235529 -0.688618846 -0.285235529 -0.666668038
20 -0.715482551  0.117851163  0.688618762  0.117851163 -0.951184360  0.285235673  0.688618762  0.285235673  0.666666939
21 -0.715482551  0.117851163 -0.688618762  0.117851163 -0.951184360 -0.285235673 -0.688618762 -0.285235673  0.666666939
22  0.422588872  0.589256521  0.688618846  0.589256521 -0.755922628  0.285235529  0.688618846  0.285235529 -0.666668038
23 -0.853552749 -0.353553064  0.382683480 -0.353553064 -0.146447174 -0.923879136  0.382683480 -0.923879136  0.000001315
24 -0.853552749 -0.353553064 -0.382683480 -0.353553064 -0.146447174  0.923879136 -0.382683480  0.923879136  0.000001315
25 -0.951184360 -0.117851163 -0.285235673 -0.117851163 -0.715482551  0.688618762 -0.285235673  0.688618762  0.666666939
26 -0.755922628 -0.589256521  0.285235529 -0.589256521  0.422588872 -0.688618846  0.285235529 -0.688618846 -0.666668038
27 -0.755922628 -0.589256521 -0.285235529 -0.589256521  0.422588872  0.688618846 -0.285235529  0.688618846 -0.666668038
28 -0.951184360 -0.117851163  0.285235673 -0.117851163 -0.715482551 -0.688618762  0.285235673 -0.688618762  0.666666939
29 -0.146447174 -0.353553064 -0.923879136 -0.353553064 -0.853552749  0.382683480 -0.923879136  0.382683480  0.000001315
30 -0.146447174 -0.353553064  0.923879136 -0.353553064 -0.853552749 -0.382683480  0.923879136 -0.382683480  0.000001315
31 -0.755922628  0.589256521 -0.285235529  0.589256521  0.422588872 -0.688618846 -0.285235529 -0.688618846 -0.666668038
32 -0.951184360  0.117851163  0.285235673  0.117851163 -0.715482551  0.688618762  0.285235673  0.688618762  0.666666939
33 -0.951184360  0.117851163 -0.285235673  0.117851163 -0.715482551 -0.688618762 -0.285235673 -0.688618762  0.666666939
34 -0.755922628  0.589256521  0.285235529  0.589256521  0.422588872  0.688618846  0.285235529  0.688618846 -0.666668038
35 -0.853552749  0.353553064 -0.382683480  0.353553064 -0.146447174 -0.923879136 -0.382683480 -0.923879136  0.000001315
36 -0.853552749  0.353553064  0.382683480  0.353553064 -0.146447174  0.923879136  0.382683480  0.923879136  0.000001315
37 -0.715482551 -0.117851163 -0.688618762 -0.117851163 -0.951184360  0.285235673 -0.688618762  0.285235673  0.666666939
38  0.422588872 -0.589256521  0.688618846 -0.589256521 -0.755922628 -0.285235529  0.688618846 -0.285235529 -0.666668038
39  0.422588872 -0.589256521 -0.688618846 -0.589256521 -0.755922628  0.285235529 -0.688618846  0.285235529 -0.666668038
40 -0.715482551 -0.117851163  0.688618762 -0.117851163 -0.951184360 -0.285235673  0.688618762 -0.285235673  0.666666939
41  0.495723345  0.065263120 -0.866024435  0.130526227 -0.991443329  0.000000073 -0.858615456 -0.113039024 -0.499999395
42  0.369073532  0.918242291 -0.143583963  0.910269727 -0.388321877 -0.143583827 -0.187601396 -0.077707052 -0.979167504
43 -0.610683206  0.778747576 -0.143583889  0.791430120  0.594156176 -0.143583855 -0.026504425 -0.201321067 -0.979165464
44  0.369073532  0.918242291  0.143583963  0.910269727 -0.388321877  0.143583827  0.187601396  0.077707052 -0.979167504
45 -0.610683206  0.778747576  0.143583889  0.791430120  0.594156176  0.143583855  0.026504425  0.201321067 -0.979165464
46 -0.991443329 -0.130526227  0.000000073 -0.065263120  0.495723345  0.866024435 -0.113039024  0.858615456 -0.499999395
47 -0.345753967  0.710951373 -0.612371705  0.776214479 -0.149965134 -0.612371437 -0.527202088 -0.687063199 -0.499998513
48 -0.345753967  0.710951373  0.612371705  0.776214479 -0.149965134  0.612371437  0.527202088  0.687063199 -0.499998513
49  0.025339762 -0.910734203  0.412216234 -0.886260559 -0.211237250 -0.412216487  0.462494577 -0.354885083 -0.812500720
50  0.025339762 -0.910734203 -0.412216234 -0.886260559 -0.211237250  0.412216487 -0.462494577  0.354885083 -0.812500720
51 -0.139495103  0.979758419 -0.143584491  0.982477727  0.118838109 -0.143584566 -0.123614649 -0.161097648 -0.979168194
52 -0.139495103  0.979758419  0.143584491  0.982477727  0.118838109  0.143584566  0.123614649  0.161097648 -0.979168194
53 -0.930215069  0.334569277 -0.150881252  0.359042921  0.744317779 -0.563098096 -0.076091617 -0.577974640 -0.812500522
54 -0.930215069  0.334569277  0.150881252  0.359042921  0.744317779  0.563098096  0.076091617  0.577974640 -0.812500522
55  0.626028392  0.539452993 -0.563098097  0.563926637 -0.811926195 -0.150881569 -0.538586805 -0.223089597 -0.812501035
56  0.626028392  0.539452993  0.563098097  0.563926637 -0.811926195  0.150881569  0.538586805  0.223089597 -0.812501035
57 -0.842876783 -0.423940192  0.331413661 -0.489203299  0.347154425 -0.800102803  0.224143780 -0.836516034 -0.500001770
58 -0.842876783 -0.423940192 -0.331413661 -0.489203299  0.347154425  0.800102803 -0.224143780  0.836516034 -0.500001770
59  0.208711148 -0.562383400  0.800102860 -0.627646506 -0.704432677 -0.331412897  0.749999693 -0.433012190 -0.500000941
60  0.208711148 -0.562383400 -0.800102860 -0.627646506 -0.704432677  0.331412897 -0.749999693  0.433012190 -0.500000941
61  0.025339762  0.910734203 -0.412216234  0.886260559 -0.211237250 -0.412216487 -0.462494577 -0.354885083 -0.812500720
62  0.025339762  0.910734203  0.412216234  0.886260559 -0.211237250  0.412216487  0.462494577  0.354885083 -0.812500720
63 -0.345753967 -0.710951373  0.612371705 -0.776214479 -0.149965134 -0.612371437  0.527202088 -0.687063199 -0.499998513
64 -0.345753967 -0.710951373 -0.612371705 -0.776214479 -0.149965134  0.612371437 -0.527202088  0.687063199 -0.499998513
65  0.495723345 -0.065263120  0.866024435 -0.130526227 -0.991443329  0.000000073  0.858615456 -0.113039024 -0.499999395
66 -0.991443329  0.130526227  0.000000073  0.065263120  0.495723345 -0.866024435 -0.113039024 -0.858615456 -0.499999395
67 -0.610683206 -0.778747576  0.143583889 -0.791430120  0.594156176 -0.143583855  0.026504425 -0.201321067 -0.979165464
68  0.369073532 -0.918242291  0.143583963 -0.910269727 -0.388321877 -0.143583827  0.187601396 -0.077707052 -0.979167504
69 -0.610683206 -0.778747576 -0.143583889 -0.791430120  0.594156176  0.143583855 -0.026504425  0.201321067 -0.979165464
70  0.369073532 -0.918242291 -0.143583963 -0.910269727 -0.388321877  0.143583827 -0.187601396  0.077707052 -0.979167504
71 -0.139495103 -0.979758419  0.143584491 -0.982477727  0.118838109 -0.143584566  0.123614649 -0.161097648 -0.979168194
72 -0.139495103 -0.979758419 -0.143584491 -0.982477727  0.118838109  0.143584566 -0.123614649  0.161097648 -0.979168194
73 -0.930215069 -0.334569277  0.150881252 -0.359042921  0.744317779 -0.563098096  0.076091617 -0.577974640 -0.812500522
74 -0.930215069 -0.334569277 -0.150881252 -0.359042921  0.744317779  0.563098096 -0.076091617  0.577974640 -0.812500522
75  0.208711148  0.562383400 -0.800102860  0.627646506 -0.704432677 -0.331412897 -0.749999693 -0.433012190 -0.500000941
76  0.208711148  0.562383400  0.800102860  0.627646506 -0.704432677  0.331412897  0.749999693  0.433012190 -0.500000941
77 -0.842876783  0.423940192 -0.331413661  0.489203299  0.347154425 -0.800102803 -0.224143780 -0.836516034 -0.500001770
78 -0.842876783  0.423940192  0.331413661  0.489203299  0.347154425  0.800102803  0.224143780  0.836516034 -0.500001770
79  0.626028392 -0.539452993  0.563098097 -0.563926637 -0.811926195 -0.150881569  0.538586805 -0.223089597 -0.812501035
80  0.626028392 -0.539452993 -0.563098097 -0.563926637 -0.811926195  0.150881569 -0.538586805  0.223089597 -0.812501035
81  0.118838109  0.982477727 -0.143584566  0.979758419 -0.139495103 -0.143584491 -0.161097648 -0.123614649 -0.979168194
82  0.118838109  0.982477727  0.143584566  0.979758419 -0.139495103  0.143584491  0.161097648  0.123614649 -0.979168194
83  0.495723345 -0.065263120 -0.866024435 -0.130526227 -0.991443329 -0.000000073 -0.858615456  0.113039024 -0.499999395
84  0.594156176  0.791430120 -0.143583855  0.778747576 -0.610683206 -0.143583889 -0.201321067 -0.026504425 -0.979165464
85 -0.388321877  0.910269727 -0.143583827  0.918242291  0.369073532 -0.143583963 -0.077707052 -0.187601396 -0.979167504
86  0.594156176  0.791430120  0.143583855  0.778747576 -0.610683206  0.143583889  0.201321067  0.026504425 -0.979165464
87 -0.388321877  0.910269727  0.143583827  0.918242291  0.369073532  0.143583963  0.077707052  0.187601396 -0.979167504
88 -0.991443329  0.130526227 -0.000000073  0.065263120  0.495723345  0.866024435  0.113039024  0.858615456 -0.499999395
89 -0.149965134  0.776214479 -0.612371437  0.710951373 -0.345753967 -0.612371705 -0.687063199 -0.527202088 -0.499998513
90 -0.149965134  0.776214479  0.612371437  0.710951373 -0.345753967  0.612371705  0.687063199  0.527202088 -0.499998513
91 -0.211237250 -0.886260559  0.412216487 -0.910734203  0.025339762 -0.412216234  0.354885083 -0.462494577 -0.812500720
92 -0.211237250 -0.886260559 -0.412216487 -0.910734203  0.025339762  0.412216234 -0.354885083  0.462494577 -0.812500720
93  0.744317779  0.359042921 -0.563098096  0.334569277 -0.930215069 -0.150881252 -0.577974640 -0.076091617 -0.812500522
94  0.744317779  0.359042921  0.563098096  0.334569277 -0.930215069  0.150881252  0.577974640  0.076091617 -0.812500522
95 -0.704432677 -0.627646506  0.331412897 -0.562383400  0.208711148 -0.800102860  0.433012190 -0.749999693 -0.500000941
96 -0.704432677 -0.627646506 -0.331412897 -0.562383400  0.208711148  0.800102860 -0.433012190  0.749999693 -0.500000941
97 -0.811926195  0.563926637 -0.150881569  0.539452993  0.626028392 -0.563098097 -0.223089597 -0.538586805 -0.812501035
98 -0.811926195  0.563926637  0.150881569  0.539452993  0.626028392  0.563098097  0.223089597  0.538586805 -0.812501035
99  0.347154425 -0.489203299  0.800102803 -0.423940192 -0.842876783 -0.331413661  0.836516034 -0.224143780 -0.500001770
100  0.347154425 -0.489203299 -0.800102803 -0.423940192 -0.842876783  0.331413661 -0.836516034  0.224143780 -0.500001770
101  0.118838109 -0.982477727  0.143584566 -0.979758419 -0.139495103 -0.143584491  0.161097648 -0.123614649 -0.979168194
102  0.118838109 -0.982477727 -0.143584566 -0.979758419 -0.139495103  0.143584491 -0.161097648  0.123614649 -0.979168194
103 -0.211237250  0.886260559 -0.412216487  0.910734203  0.025339762 -0.412216234 -0.354885083 -0.462494577 -0.812500720
104 -0.211237250  0.886260559  0.412216487  0.910734203  0.025339762  0.412216234  0.354885083  0.462494577 -0.812500720
105 -0.149965134 -0.776214479  0.612371437 -0.710951373 -0.345753967 -0.612371705  0.687063199 -0.527202088 -0.499998513
106 -0.149965134 -0.776214479 -0.612371437 -0.710951373 -0.345753967  0.612371705 -0.687063199  0.527202088 -0.499998513
107  0.495723345  0.065263120  0.866024435  0.130526227 -0.991443329 -0.000000073  0.858615456  0.113039024 -0.499999395
108 -0.991443329 -0.130526227 -0.000000073 -0.065263120  0.495723345 -0.866024435  0.113039024 -0.858615456 -0.499999395
109 -0.388321877 -0.910269727  0.143583827 -0.918242291  0.369073532 -0.143583963  0.077707052 -0.187601396 -0.979167504
110  0.594156176 -0.791430120  0.143583855 -0.778747576 -0.610683206 -0.143583889  0.201321067 -0.026504425 -0.979165464
111 -0.388321877 -0.910269727 -0.143583827 -0.918242291  0.369073532  0.143583963 -0.077707052  0.187601396 -0.979167504
112  0.594156176 -0.791430120 -0.143583855 -0.778747576 -0.610683206  0.143583889 -0.201321067  0.026504425 -0.979165464
113  0.744317779 -0.359042921  0.563098096 -0.334569277 -0.930215069 -0.150881252  0.577974640 -0.076091617 -0.812500522
114  0.744317779 -0.359042921 -0.563098096 -0.334569277 -0.930215069  0.150881252 -0.577974640  0.076091617 -0.812500522
115  0.347154425  0.489203299 -0.800102803  0.423940192 -0.842876783 -0.331413661 -0.836516034 -0.224143780 -0.500001770
116  0.347154425  0.489203299  0.800102803  0.423940192 -0.842876783  0.331413661  0.836516034  0.224143780 -0.500001770
117 -0.811926195 -0.563926637  0.150881569 -0.539452993  0.626028392 -0.563098097  0.223089597 -0.538586805 -0.812501035
118 -0.811926195 -0.563926637 -0.150881569 -0.539452993  0.626028392  0.563098097 -0.223089597  0.538586805 -0.812501035
119 -0.704432677  0.627646506 -0.331412897  0.562383400  0.208711148 -0.800102860 -0.433012190 -0.749999693 -0.500000941
120 -0.704432677  0.627646506  0.331412897  0.562383400  0.208711148  0.800102860  0.433012190  0.749999693 -0.500000941
121 -0.539107374  0.307960074  0.783917137  0.307960074 -0.794228787  0.523797522  0.783917137  0.523797522  0.333333243
122 -0.539107374  0.307960074 -0.783917137  0.307960074 -0.794228787 -0.523797522 -0.783917137 -0.523797522  0.333333243
123 -0.588454740 -0.615919336  0.523796169 -0.615919336 -0.078210068 -0.783916592  0.523796169 -0.783916592 -0.333332719
124 -0.588454740 -0.615919336 -0.523796169 -0.615919336 -0.078210068  0.783916592 -0.523796169  0.783916592 -0.333332719
125 -0.801608832 -0.577958877  0.152940646 -0.588836088  0.718986277 -0.369230852  0.103437737 -0.386034841 -0.916668979
126 -0.801608832 -0.577958877 -0.152940646 -0.588836088  0.718986277  0.369230852 -0.103437737  0.386034841 -0.916668979
127  0.718986277  0.588836088 -0.369230852  0.577958877 -0.801608832 -0.152940646 -0.386034841 -0.103437737 -0.916668979
128  0.718986277  0.588836088  0.369230852  0.577958877 -0.801608832  0.152940646  0.386034841  0.103437737 -0.916668979
129 -0.078210068  0.615919336 -0.783916592  0.615919336 -0.588454740 -0.523796169 -0.783916592 -0.523796169 -0.333332719
130 -0.078210068  0.615919336  0.783916592  0.615919336 -0.588454740  0.523796169  0.783916592  0.523796169 -0.333332719
131 -0.794228787 -0.307960074 -0.523797522 -0.307960074 -0.539107374  0.783917137 -0.523797522  0.783917137  0.333333243
132 -0.794228787 -0.307960074  0.523797522 -0.307960074 -0.539107374 -0.783917137  0.523797522 -0.783917137  0.333333243
133 -0.308658150  0.461939359 -0.831470151  0.461939359 -0.691342803 -0.555569727 -0.831470151 -0.555569727  0.000000285
134 -0.308658150  0.461939359  0.831470151  0.461939359 -0.691342803  0.555569727  0.831470151  0.555569727  0.000000285
135 -0.691342803 -0.461939359  0.555569727 -0.461939359 -0.308658150 -0.831470151  0.555569727 -0.831470151  0.000000285
136 -0.691342803 -0.461939359 -0.555569727 -0.461939359 -0.308658150  0.831470151 -0.555569727  0.831470151  0.000000285
137 -0.038061024 -0.191342168 -0.980785693 -0.191342168 -0.961940600  0.195090821 -0.980785693  0.195090821 -0.000000386
138 -0.038061024 -0.191342168  0.980785693 -0.191342168 -0.961940600 -0.195090821  0.980785693 -0.195090821 -0.000000386
139 -0.961940600  0.191342168 -0.195090821  0.191342168 -0.038061024 -0.980785693 -0.195090821 -0.980785693 -0.000000386
140 -0.961940600  0.191342168  0.195090821  0.191342168 -0.038061024  0.980785693  0.195090821  0.980785693 -0.000000386
141 -0.801608832  0.577958877 -0.152940646  0.588836088  0.718986277 -0.369230852 -0.103437737 -0.386034841 -0.916668979
142 -0.801608832  0.577958877  0.152940646  0.588836088  0.718986277  0.369230852  0.103437737  0.386034841 -0.916668979
143 -0.588454740  0.615919336 -0.523796169  0.615919336 -0.078210068 -0.783916592 -0.523796169 -0.783916592 -0.333332719
144 -0.588454740  0.615919336  0.523796169  0.615919336 -0.078210068  0.783916592  0.523796169  0.783916592 -0.333332719
145 -0.539107374 -0.307960074 -0.783917137 -0.307960074 -0.794228787  0.523797522 -0.783917137  0.523797522  0.333333243
146 -0.539107374 -0.307960074  0.783917137 -0.307960074 -0.794228787 -0.523797522  0.783917137 -0.523797522  0.333333243
147 -0.794228787  0.307960074  0.523797522  0.307960074 -0.539107374  0.783917137  0.523797522  0.783917137  0.333333243
148 -0.794228787  0.307960074 -0.523797522  0.307960074 -0.539107374 -0.783917137 -0.523797522 -0.783917137  0.333333243
149 -0.078210068 -0.615919336  0.783916592 -0.615919336 -0.588454740 -0.523796169  0.783916592 -0.523796169 -0.333332719
150 -0.078210068 -0.615919336 -0.783916592 -0.615919336 -0.588454740  0.523796169 -0.783916592  0.523796169 -0.333332719
151  0.718986277 -0.588836088  0.369230852 -0.577958877 -0.801608832 -0.152940646  0.386034841 -0.103437737 -0.916668979
152  0.718986277 -0.588836088 -0.369230852 -0.577958877 -0.801608832  0.152940646 -0.386034841  0.103437737 -0.916668979
153 -0.038061024  0.191342168 -0.980785693  0.191342168 -0.961940600 -0.195090821 -0.980785693 -0.195090821 -0.000000386
154 -0.038061024  0.191342168  0.980785693  0.191342168 -0.961940600  0.195090821  0.980785693  0.195090821 -0.000000386
155 -0.961940600 -0.191342168  0.195090821 -0.191342168 -0.038061024 -0.980785693  0.195090821 -0.980785693 -0.000000386
156 -0.961940600 -0.191342168 -0.195090821 -0.191342168 -0.038061024  0.980785693 -0.195090821  0.980785693 -0.000000386
157 -0.308658150 -0.461939359 -0.831470151 -0.461939359 -0.691342803  0.555569727 -0.831470151  0.555569727  0.000000285
158 -0.308658150 -0.461939359  0.831470151 -0.461939359 -0.691342803 -0.555569727  0.831470151 -0.555569727  0.000000285
159 -0.691342803  0.461939359 -0.555569727  0.461939359 -0.308658150 -0.831470151 -0.555569727 -0.831470151  0.000000285
160 -0.691342803  0.461939359  0.555569727  0.461939359 -0.308658150  0.831470151  0.555569727  0.831470151  0.000000285
161  0.282586710  0.255123014 -0.924692998  0.255123014 -0.949252951 -0.183933318 -0.924692998 -0.183933318 -0.333334151
162 -0.358707988  0.127560714  0.924694283  0.127560714 -0.974628682  0.183932279  0.924694283  0.183932279  0.333332733
163 -0.974628682 -0.127560714  0.183932279 -0.127560714 -0.358707988 -0.924694283  0.183932279 -0.924694283  0.333332733
164 -0.949252951 -0.255123014 -0.183933318 -0.255123014  0.282586710  0.924692998 -0.183933318  0.924692998 -0.333334151
165 -0.624706156 -0.765734936  0.152940156 -0.754857725  0.542086779 -0.369230696  0.199826174 -0.346109085 -0.916665801
166 -0.624706156 -0.765734936 -0.152940156 -0.754857725  0.542086779  0.369230696 -0.199826174  0.346109085 -0.916665801
167  0.542086779  0.754857725 -0.369230696  0.765734936 -0.624706156 -0.152940156 -0.346109085 -0.199826174 -0.916665801
168  0.542086779  0.754857725  0.369230696  0.765734936 -0.624706156  0.152940156  0.346109085  0.199826174 -0.916665801
169 -0.358707988  0.127560714 -0.924694283  0.127560714 -0.974628682 -0.183932279 -0.924694283 -0.183932279  0.333332733
170  0.282586710  0.255123014  0.924692998  0.255123014 -0.949252951  0.183933318  0.924692998  0.183933318 -0.333334151
171 -0.949252951 -0.255123014  0.183933318 -0.255123014  0.282586710 -0.924692998  0.183933318 -0.924692998 -0.333334151
172 -0.974628682 -0.127560714 -0.183932279 -0.127560714 -0.358707988  0.924694283 -0.183932279  0.924694283  0.333332733
173  0.603233620  0.318902221 -0.731033364  0.318902221 -0.936564477 -0.145411406 -0.731033364 -0.145411406 -0.666665139
174 -0.679353673  0.063780593  0.731034400  0.063780593 -0.987313652  0.145411769  0.731034400  0.145411769  0.666666526
175 -0.679353673  0.063780593 -0.731034400  0.063780593 -0.987313652 -0.145411769 -0.731034400 -0.145411769  0.666666526
176  0.603233620  0.318902221  0.731033364  0.318902221 -0.936564477  0.145411406  0.731033364  0.145411406 -0.666665139
177 -0.987313652 -0.063780593 -0.145411769 -0.063780593 -0.679353673  0.731034400 -0.145411769  0.731034400  0.666666526
178 -0.936564477 -0.318902221  0.145411406 -0.318902221  0.603233620 -0.731033364  0.145411406 -0.731033364 -0.666665139
179 -0.936564477 -0.318902221 -0.145411406 -0.318902221  0.603233620  0.731033364 -0.145411406  0.731033364 -0.666665139
180 -0.987313652 -0.063780593  0.145411769 -0.063780593 -0.679353673 -0.731034400  0.145411769 -0.731034400  0.666666526
181 -0.485567724  0.769899296 -0.414097377  0.769899296  0.152236495 -0.619740060 -0.414097377 -0.619740060 -0.666665511
182 -0.897114099  0.153980173  0.414098369  0.153980173 -0.769553385  0.619740819  0.414098369  0.619740819  0.666666367
183 -0.897114099  0.153980173 -0.414098369  0.153980173 -0.769553385 -0.619740819 -0.414098369 -0.619740819  0.666666367
184 -0.485567724  0.769899296  0.414097377  0.769899296  0.152236495  0.619740060  0.414097377  0.619740060 -0.666665511
185 -0.769553385 -0.153980173 -0.619740819 -0.153980173 -0.897114099  0.414098369 -0.619740819  0.414098369  0.666666367
186  0.152236495 -0.769899296  0.619740060 -0.769899296 -0.485567724 -0.414097377  0.619740060 -0.414097377 -0.666665511
187  0.152236495 -0.769899296 -0.619740060 -0.769899296 -0.485567724  0.414097377 -0.619740060  0.414097377 -0.666665511
188 -0.769553385 -0.153980173  0.619740819 -0.153980173 -0.897114099 -0.414098369  0.619740819 -0.414098369  0.666666367
189 -0.624706156  0.765734936 -0.152940156  0.754857725  0.542086779 -0.369230696 -0.199826174 -0.346109085 -0.916665801
190 -0.624706156  0.765734936  0.152940156  0.754857725  0.542086779  0.369230696  0.199826174  0.346109085 -0.916665801
191 -0.358707988 -0.127560714 -0.924694283 -0.127560714 -0.974628682  0.183932279 -0.924694283  0.183932279  0.333332733
192  0.282586710 -0.255123014  0.924692998 -0.255123014 -0.949252951 -0.183933318  0.924692998 -0.183933318 -0.333334151
193 -0.949252951  0.255123014 -0.183933318  0.255123014  0.282586710 -0.924692998 -0.183933318 -0.924692998 -0.333334151
194 -0.974628682  0.127560714  0.183932279  0.127560714 -0.358707988  0.924694283  0.183932279  0.924694283  0.333332733
195  0.282586710 -0.255123014 -0.924692998 -0.255123014 -0.949252951  0.183933318 -0.924692998  0.183933318 -0.333334151
196 -0.358707988 -0.127560714  0.924694283 -0.127560714 -0.974628682 -0.183932279  0.924694283 -0.183932279  0.333332733
197 -0.974628682  0.127560714 -0.183932279  0.127560714 -0.358707988 -0.924694283 -0.183932279 -0.924694283  0.333332733
198 -0.949252951  0.255123014  0.183933318  0.255123014  0.282586710  0.924692998  0.183933318  0.924692998 -0.333334151
199  0.542086779 -0.754857725  0.369230696 -0.765734936 -0.624706156 -0.152940156  0.346109085 -0.199826174 -0.916665801
200  0.542086779 -0.754857725 -0.369230696 -0.765734936 -0.624706156  0.152940156 -0.346109085  0.199826174 -0.916665801
201  0.152236495  0.769899296 -0.619740060  0.769899296 -0.485567724 -0.414097377 -0.619740060 -0.414097377 -0.666665511
202 -0.769553385  0.153980173  0.619740819  0.153980173 -0.897114099  0.414098369  0.619740819  0.414098369  0.666666367
203 -0.769553385  0.153980173 -0.619740819  0.153980173 -0.897114099 -0.414098369 -0.619740819 -0.414098369  0.666666367
204  0.152236495  0.769899296  0.619740060  0.769899296 -0.485567724  0.414097377  0.619740060  0.414097377 -0.666665511
205 -0.897114099 -0.153980173 -0.414098369 -0.153980173 -0.769553385  0.619740819 -0.414098369  0.619740819  0.666666367
206 -0.485567724 -0.769899296  0.414097377 -0.769899296  0.152236495 -0.619740060  0.414097377 -0.619740060 -0.666665511
207 -0.485567724 -0.769899296 -0.414097377 -0.769899296  0.152236495  0.619740060 -0.414097377  0.619740060 -0.666665511
208 -0.897114099 -0.153980173  0.414098369 -0.153980173 -0.769553385 -0.619740819  0.414098369 -0.619740819  0.666666367
209 -0.936564477  0.318902221 -0.145411406  0.318902221  0.603233620 -0.731033364 -0.145411406 -0.731033364 -0.666665139
210 -0.987313652  0.063780593  0.145411769  0.063780593 -0.679353673  0.731034400  0.145411769  0.731034400  0.666666526
211 -0.987313652  0.063780593 -0.145411769  0.063780593 -0.679353673 -0.731034400 -0.145411769 -0.731034400  0.666666526
212 -0.936564477  0.318902221  0.145411406  0.318902221  0.603233620  0.731033364  0.145411406  0.731033364 -0.666665139
213 -0.679353673 -0.063780593 -0.731034400 -0.063780593 -0.987313652  0.145411769 -0.731034400  0.145411769  0.666666526
214  0.603233620 -0.318902221  0.731033364 -0.318902221 -0.936564477 -0.145411406  0.731033364 -0.145411406 -0.666665139
215  0.603233620 -0.318902221 -0.731033364 -0.318902221 -0.936564477  0.145411406 -0.731033364  0.145411406 -0.666665139
216 -0.679353673 -0.063780593  0.731034400 -0.063780593 -0.987313652 -0.145411769  0.731034400 -0.145411769  0.666666526
217  0.582777850  0.025444581 -0.812233335  0.043619337 -0.999049276  0.000000036 -0.811460270 -0.035429082 -0.583334102
218 -0.582778901 -0.025444581  0.812233335  0.043619337 -0.999049276  0.000000036  0.811460270  0.035429082  0.583333051
219  0.996332935  0.046107541 -0.072074758  0.040904167 -0.996558511 -0.072074672 -0.075150018  0.068862209 -0.994790053
220 -0.996331320 -0.046107541 -0.072074758 -0.040904167  0.996560126 -0.072074672  0.075150018 -0.068862209 -0.994790053
221  0.458236905  0.885902840 -0.072074732  0.883497890 -0.462856142 -0.072074801 -0.097211555 -0.030650571 -0.994791052
222 -0.538095173  0.839795343 -0.072074757  0.842593783  0.533704207 -0.072074609 -0.022061399 -0.099512887 -0.994789984
223  0.996332935  0.046107541  0.072074758  0.040904167 -0.996558511  0.072074672  0.075150018 -0.068862209 -0.994790053
224 -0.996331320 -0.046107541  0.072074758 -0.040904167  0.996560126  0.072074672 -0.075150018  0.068862209 -0.994790053
225  0.458236905  0.885902840  0.072074732  0.883497890 -0.462856142  0.072074801  0.097211555  0.030650571 -0.994791052
226 -0.538095173  0.839795343  0.072074757  0.842593783  0.533704207  0.072074609  0.022061399  0.099512887 -0.994789984
227 -0.999049276 -0.043619337  0.000000036  0.025444581 -0.582778901 -0.812233335  0.035429082 -0.811460270  0.583333051
228 -0.999049276 -0.043619337  0.000000036 -0.025444581  0.582777850  0.812233335 -0.035429082  0.811460270 -0.583334102
229 -0.242667226  0.781825419 -0.574335329  0.800000175 -0.173602696 -0.574335523 -0.548736527 -0.598841037 -0.583332599
230 -0.877131460  0.089429146  0.471849538  0.165536005 -0.865998906  0.471850494  0.450818578  0.491983217  0.744791924
231 -0.877131460  0.089429146 -0.471849538  0.165536005 -0.865998906 -0.471850494 -0.450818578 -0.491983217  0.744791924
232 -0.242667226  0.781825419  0.574335329  0.800000175 -0.173602696  0.574335523  0.548736527  0.598841037 -0.583332599
233 -0.781826470 -0.242667247 -0.574336369 -0.173603329 -0.800001939  0.574335349 -0.598841833  0.548736563  0.583332819
234 -0.089429148 -0.877131152  0.471849705 -0.865999133 -0.165534807 -0.471849995  0.491982422 -0.450819098 -0.744790894
235 -0.089429148 -0.877131152 -0.471849705 -0.865999133 -0.165534807  0.471849995 -0.491982422  0.450819098 -0.744790894
236 -0.781826470 -0.242667247  0.574336369 -0.173603329 -0.800001939 -0.574335349  0.598841833 -0.548736563  0.583332819
237  0.839796357  0.538095945 -0.072074798  0.533703270 -0.842594434 -0.072074816 -0.099513021  0.022061604 -0.994791299
238 -0.046108146  0.996333169 -0.072074763  0.996560354  0.040904275 -0.072074782 -0.068862295 -0.075150050 -0.994792159
239 -0.885901522  0.458235602 -0.072074619  0.462855440  0.883498639 -0.072074664  0.030650608 -0.097211358 -0.994789622
240 -0.561144108  0.434270667  0.704647987  0.481524948 -0.521159949  0.704647767  0.673241059  0.734713371  0.083331935
241 -0.561144108  0.434270667 -0.704647987  0.481524948 -0.521159949 -0.704647767 -0.673241059 -0.734713371  0.083331935
242  0.839796357  0.538095945  0.072074798  0.533703270 -0.842594434  0.072074816  0.099513021 -0.022061604 -0.994791299
243 -0.046108146  0.996333169  0.072074763  0.996560354  0.040904275  0.072074782  0.068862295  0.075150050 -0.994792159
244 -0.885901522  0.458235602  0.072074619  0.462855440  0.883498639  0.072074664 -0.030650608  0.097211358 -0.994789622
245 -0.996331320 -0.046107541 -0.072074758  0.040904167 -0.996558511  0.072074672 -0.075150018  0.068862209  0.994791668
246 -0.434270033 -0.561142965  0.704646566 -0.521158660 -0.481522998 -0.704647346  0.734712095 -0.673240524 -0.083332659
247 -0.434270033 -0.561142965 -0.704646566 -0.521158660 -0.481522998  0.704647346 -0.734712095  0.673240524 -0.083332659
248 -0.996331320 -0.046107541  0.072074758  0.040904167 -0.996558511 -0.072074672  0.075150018 -0.068862209  0.994791668
249 -0.083254225 -0.003634987 -0.996521687  0.043619293 -0.999048182  0.000000036 -0.995573224 -0.043467569  0.083333585
250  0.083254269  0.003634987  0.996521687  0.043619293 -0.999048182  0.000000036  0.995573224  0.043467569 -0.083333541
251 -0.999048182 -0.043619293  0.000000036 -0.003634987  0.083254269 -0.996521687  0.043467569 -0.995573224 -0.083333541
252 -0.999048182 -0.043619293  0.000000036  0.003634987 -0.083254225  0.996521687 -0.043467569  0.995573224  0.083333585
253  0.871269226  0.058177909 -0.487345168  0.023381199 -0.996742739 -0.077187744 -0.490248203  0.055856595 -0.869791590
254  0.871269226  0.058177909  0.487345168  0.023381199 -0.996742739  0.077187744  0.490248203 -0.055856595 -0.869791590
255 -0.893475089  0.442433144 -0.077188146  0.420942602  0.765050835 -0.487344742 -0.156564436 -0.467921451 -0.869793014
256 -0.893475089  0.442433144  0.077188146  0.420942602  0.765050835  0.487344742  0.156564436  0.467921451 -0.869793014
257  0.725452591  0.486018783 -0.487343812  0.518620298 -0.851512218 -0.077187859 -0.452494457 -0.196750406 -0.869790815
258  0.725452591  0.486018783  0.487343812  0.518620298 -0.851512218  0.077187859  0.452494457  0.196750406 -0.869790815
259  0.138788331  0.926824986 -0.348900474  0.898642751 -0.265908614 -0.348900144 -0.416145769 -0.265114220 -0.869789314
260  0.138788331  0.926824986  0.348900474  0.898642751 -0.265908614  0.348900144  0.416145769  0.265114220 -0.869789314
261  0.271305829 -0.938411672  0.213953629 -0.924316144 -0.316010389 -0.213953615  0.268388313 -0.139714059 -0.953124486
262  0.271305829 -0.938411672 -0.213953629 -0.924316144 -0.316010389  0.213953615 -0.268388313  0.139714059 -0.953124486
263 -0.234248566 -0.948341322  0.213953973 -0.958486936  0.188484835 -0.213953805  0.162574162 -0.255190469 -0.953125069
264 -0.234248566 -0.948341322 -0.213953973 -0.958486936  0.188484835  0.213953805 -0.162574162  0.255190469 -0.953125069
265 -0.231506038  0.314291998 -0.920666405  0.361546278 -0.850797335 -0.381352711 -0.903155789 -0.421148598  0.083332619
266 -0.091952705  0.379367022  0.920665879  0.419351328 -0.823841526  0.381352990  0.903155281  0.421148788 -0.083333858
267  0.326707627  0.574589454 -0.750405235  0.592764210 -0.742976412 -0.310827722 -0.736132901 -0.343264098 -0.583331462
268  0.326707627  0.574589454  0.750405235  0.592764210 -0.742976412  0.310827722  0.736132901  0.343264098 -0.583331462
269 -0.823841526 -0.419351328  0.381352990 -0.379367022 -0.091952705 -0.920665879  0.421148788 -0.903155281 -0.083333858
270 -0.850797335 -0.361546278 -0.381352711 -0.314291998 -0.231506038  0.920666405 -0.421148598  0.903155789  0.083332619
271 -0.931662542 -0.188131650 -0.310828382 -0.119067732 -0.650166081  0.750406165 -0.343264731  0.736133833  0.583332605
272 -0.715437840 -0.663001908  0.220393849 -0.623392796  0.463324816 -0.629849485  0.315478051 -0.588011413 -0.744790169
273 -0.715437840 -0.663001908 -0.220393849 -0.623392796  0.463324816  0.629849485 -0.315478051  0.588011413 -0.744790169
274 -0.931662542 -0.188131650  0.310828382 -0.119067732 -0.650166081 -0.750406165  0.343264731 -0.736133833  0.583332605
275 -0.203232833 -0.333272863 -0.920665663 -0.286018583 -0.879069326  0.381352778 -0.936423747  0.340830999  0.083333834
276 -0.058538110 -0.385936494  0.920665636 -0.345952188 -0.857254809 -0.381352001  0.936423662 -0.340830291 -0.083332547
277 -0.791812957  0.525755469 -0.310828520  0.543930225  0.375542057 -0.750405491 -0.277800454 -0.763249421 -0.583333576
278 -0.964423388  0.145978182  0.220393929  0.026437757 -0.776264393  0.629849699  0.263028817  0.613269899  0.744792118
279 -0.964423388  0.145978182 -0.220393929  0.026437757 -0.776264393 -0.629849699 -0.263028817 -0.613269899  0.744792118
280 -0.791812957  0.525755469  0.310828520  0.543930225  0.375542057  0.750405491  0.277800454  0.763249421 -0.583333576
281 -0.857254809  0.345952188 -0.381352001  0.385936494 -0.058538110 -0.920665636 -0.340830291 -0.936423662 -0.083332547
282 -0.879069326  0.286018583  0.381352778  0.333272863 -0.203232833  0.920665663  0.340830999  0.936423747  0.083333834
283 -0.637314784 -0.175280134 -0.750404706 -0.106216216 -0.944512636  0.310828840 -0.763248625  0.277800877  0.583333809
284  0.515893653 -0.580639651  0.629849833 -0.598124711 -0.770500727 -0.220394070  0.613269962 -0.263029109 -0.744791082
285  0.515893653 -0.580639651 -0.629849833 -0.598124711 -0.770500727  0.220394070 -0.613269962  0.263029109 -0.744791082
286 -0.637314784 -0.175280134  0.750404706 -0.106216216 -0.944512636 -0.310828840  0.763248625 -0.277800877  0.583333809
287  0.950450335  0.302406069 -0.072074790  0.297438801 -0.952017417 -0.072074665 -0.090412199  0.047065562 -0.994792574
288  0.213333378  0.974316880 -0.072074677  0.973189591 -0.218417322 -0.072074725 -0.085966052 -0.054766440 -0.994790746
289 -0.737118458  0.671911567 -0.072074830  0.675751557  0.733597712 -0.072074788  0.004446117 -0.101832157 -0.994793711
290  0.950450335  0.302406069  0.072074790  0.297438801 -0.952017417  0.072074665  0.090412199 -0.047065562 -0.994792574
291  0.213333378  0.974316880  0.072074677  0.973189591 -0.218417322  0.072074725  0.085966052  0.054766440 -0.994790746
292 -0.737118458  0.671911567  0.072074830  0.675751557  0.733597712  0.072074788 -0.004446117  0.101832157 -0.994793711
293  0.671910771  0.737116894 -0.072074702  0.733598195 -0.675751247 -0.072074761 -0.101832050 -0.004446044 -0.994792167
294 -0.302406793  0.950450047 -0.072074713  0.952016222  0.297439577 -0.072074755 -0.047065586 -0.090412196 -0.994791612
295 -0.974316616  0.213333445 -0.072074691  0.218418314  0.973189939 -0.072074721  0.054766411 -0.085966079 -0.994791057
296  0.671910771  0.737116894  0.072074702  0.733598195 -0.675751247  0.072074761  0.101832050  0.004446044 -0.994792167
297 -0.302406793  0.950450047  0.072074713  0.952016222  0.297439577  0.072074755  0.047065586  0.090412196 -0.994791612
298 -0.974316616  0.213333445  0.072074691  0.218418314  0.973189939  0.072074721 -0.054766411  0.085966079 -0.994791057
299  0.826524134  0.281696546 -0.487344886  0.280560278 -0.956728484 -0.077187771 -0.487999910 -0.072932007 -0.869792137
300  0.826524134  0.281696546  0.487344886  0.280560278 -0.956728484  0.077187771  0.487999910  0.072932007 -0.869792137
301 -0.996951969 -0.011418855 -0.077187827 -0.027735644 -0.872769636  0.487345235 -0.072932057  0.488000260  0.869791219
302 -0.996951969 -0.011418855  0.077187827 -0.027735644 -0.872769636 -0.487345235  0.072932057 -0.488000260  0.869791219
303 -0.977538437  0.196107731 -0.077187545  0.208587662  0.847931143 -0.487343591 -0.030122189 -0.492498068 -0.869790777
304 -0.977538437  0.196107731  0.077187545  0.208587662  0.847931143  0.487343591  0.030122189  0.492498068 -0.869790777
305  0.047600355  0.444440622 -0.894542587  0.477155094 -0.796886924 -0.370531620 -0.877528873 -0.409198239 -0.249998972
306 -0.371057951  0.249217133  0.894542965  0.303741408 -0.877751655  0.370531509  0.877529175  0.409198317  0.249998895
307 -0.510611521  0.184142158  0.839861720  0.245936410 -0.904706473  0.347881724  0.823887932  0.384184952  0.416666129
308 -0.510611521  0.184142158 -0.839861720  0.245936410 -0.904706473 -0.347881724 -0.823887932 -0.384184952  0.416666129
309 -0.877751655 -0.303741408  0.370531509 -0.249217133 -0.371057951 -0.894542965  0.409198317 -0.877529175  0.249998895
310 -0.796886924 -0.477155094 -0.370531620 -0.444440622  0.047600355  0.894542587 -0.409198239  0.877528873 -0.249998972
311 -0.769930453 -0.534960409  0.347881960 -0.509515742  0.187154236 -0.839860587  0.384185119 -0.823886799 -0.416665638
312 -0.769930453 -0.534960409 -0.347881960 -0.509515742  0.187154236  0.839860587 -0.384185119  0.823886799 -0.416665638
313  0.086155027 -0.438600533 -0.894543076 -0.405886061 -0.835442382  0.370531235 -0.909853970  0.331159272 -0.249999757
314 -0.347925192 -0.280608424  0.894542296 -0.226084148 -0.900883414 -0.370531438  0.909853266 -0.331159329  0.249999895
315 -0.922698399  0.166150193  0.347882094  0.227944445 -0.492619573  0.839861549  0.310916658  0.854236621  0.416666150
316 -0.922698399  0.166150193 -0.347882094  0.227944445 -0.492619573 -0.839861549 -0.310916658 -0.854236621  0.416666150
317 -0.900883414  0.226084148 -0.370531438  0.280608424 -0.347925192 -0.894542296 -0.331159329 -0.909853266  0.249999895
318 -0.835442382  0.405886061  0.370531235  0.438600533  0.086155027  0.894543076  0.331159272  0.909853970 -0.249999757
319  0.230849568 -0.491265599  0.839861524 -0.465820932 -0.813628284 -0.347881792  0.854236576 -0.310916378 -0.416668138
320  0.230849568 -0.491265599 -0.839861524 -0.465820932 -0.813628284  0.347881792 -0.854236576  0.310916378 -0.416668138
321  0.249761338  0.010904902 -0.968245954  0.043619374 -0.999048049 -0.000000095 -0.967324400 -0.042234262 -0.249999113
322 -0.249761165 -0.010904902  0.968245954  0.043619374 -0.999048049 -0.000000095  0.967324400  0.042234262  0.249999286
323 -0.999048049 -0.043619374 -0.000000095  0.010904902 -0.249761165 -0.968245954  0.042234262 -0.967324400  0.249999286
324 -0.999048049 -0.043619374 -0.000000095 -0.010904902  0.249761338  0.968245954 -0.042234262  0.967324400 -0.249999113
325 -0.401906248  0.608047979 -0.684653393  0.640762451 -0.347381524 -0.684653748 -0.654137673 -0.713866184 -0.250000174
326 -0.976656959 -0.019181793  0.213954435  0.066012254 -0.974612325  0.213954322  0.204418257  0.223083232  0.953124926
327 -0.976656959 -0.019181793 -0.213954435  0.066012254 -0.974612325 -0.213954322 -0.204418257 -0.223083232  0.953124926
