0 -0.000001033  0.000000000 -1.000001033  0.500001033 -0.866027033  0.000000000 -0.866026000 -0.500001033 -0.000001033
1 -0.000001033  0.000000000 -1.000001033 -0.500001033  0.866024967  0.000000000  0.866026000  0.500001033 -0.000001033
2 -0.000001033  0.000000000 -1.000001033  0.500001033  0.866024967  0.000000000  0.866026000 -0.500001033 -0.000001033
3 -0.000001033  0.000000000  1.000001033 -0.500001033  0.866024967  0.000000000 -0.866026000 -0.500001033 -0.000001033
4 -0.000001033  0.000000000  1.000001033  0.500001033  0.866024967  0.000000000 -0.866026000  0.500001033 -0.000001033
5  0.866024967  0.500001033  0.000000000  0.000000000 -0.000001033 -1.000001033 -0.500001033  0.866026000 -0.000001033
6  0.866024967 -0.500001033  0.000000000  0.000000000 -0.000001033 -1.000001033  0.500001033  0.866026000 -0.000001033
7  0.866024967  0.500001033  0.000000000  0.000000000 -0.000001033  1.000001033  0.500001033 -0.866026000 -0.000001033
8  0.866024967 -0.500001033  0.000000000  0.000000000 -0.000001033  1.000001033 -0.500001033 -0.866026000 -0.000001033
9 -0.049949351 -0.379410030 -0.923879354  0.120591003  0.915975380 -0.382683825  0.991444825 -0.130526354  0.000001062
10  0.303601899 -0.232962429 -0.923880648 -0.732963461  0.562422582 -0.382682724  0.608762276  0.793353648 -0.000000486
11 -0.049949351 -0.379410030  0.923879354  0.120591003  0.915975380  0.382683825 -0.991444825  0.130526354  0.000001062
12  0.303601899 -0.232962429  0.923880648 -0.732963461  0.562422582  0.382682724 -0.608762276 -0.793353648 -0.000000486
13  0.915975380 -0.120591003  0.382683825  0.379410030 -0.049949351 -0.923879354  0.130526354  0.991444825  0.000001062
14  0.562422582  0.732963461  0.382682724  0.232962429  0.303601899 -0.923880648 -0.793353648  0.608762276 -0.000000486
15  0.915975380 -0.120591003 -0.382683825  0.379410030 -0.049949351  0.923879354 -0.130526354 -0.991444825  0.000001062
16  0.562422582  0.732963461 -0.382682724  0.232962429  0.303601899  0.923880648  0.793353648 -0.608762276 -0.000000486
17  0.303601899  0.232962429 -0.923880648  0.732963461  0.562422582  0.382682724  0.608762276 -0.793353648 -0.000000486
18 -0.049949351  0.379410030 -0.923879354 -0.120591003  0.915975380  0.382683825  0.991444825  0.130526354  0.000001062
19  0.303601899  0.232962429  0.923880648  0.732963461  0.562422582 -0.382682724 -0.608762276  0.793353648 -0.000000486
20 -0.049949351  0.379410030  0.923879354 -0.120591003  0.915975380 -0.382683825 -0.991444825 -0.130526354  0.000001062
21  0.562422582 -0.732963461 -0.382682724 -0.232962429  0.303601899 -0.923880648  0.793353648  0.608762276 -0.000000486
22  0.915975380  0.120591003 -0.382683825 -0.379410030 -0.049949351 -0.923879354 -0.130526354  0.991444825  0.000001062
23  0.562422582 -0.732963461  0.382682724 -0.232962429  0.303601899  0.923880648 -0.793353648 -0.608762276 -0.000000486
24  0.915975380  0.120591003  0.382683825 -0.379410030 -0.049949351  0.923879354  0.130526354 -0.991444825  0.000001062
25  0.146447870 -0.353553064 -0.923879136 -0.353553064  0.853553445 -0.382683480  0.923879136  0.382683480  0.000001315
26  0.146447870 -0.353553064  0.923879136 -0.353553064  0.853553445  0.382683480 -0.923879136 -0.382683480  0.000001315
27  0.853553445  0.353553064  0.382683480  0.353553064  0.146447870 -0.923879136 -0.382683480  0.923879136  0.000001315
28  0.853553445  0.353553064 -0.382683480  0.353553064  0.146447870  0.923879136  0.382683480 -0.923879136  0.000001315
29  0.146447870  0.353553064 -0.923879136  0.353553064  0.853553445  0.382683480  0.923879136 -0.382683480  0.000001315
30  0.146447870  0.353553064  0.923879136  0.353553064  0.853553445 -0.382683480 -0.923879136  0.382683480  0.000001315
31  0.853553445 -0.353553064 -0.382683480 -0.353553064  0.146447870 -0.923879136  0.382683480  0.923879136  0.000001315
32  0.853553445 -0.353553064  0.382683480 -0.353553064  0.146447870  0.923879136 -0.382683480 -0.923879136  0.000001315
33  0.191341269  0.461940034  0.866025767 -0.923879822  0.382683437 -0.000000301 -0.331414090 -0.800103325  0.499999807
34  0.716440622  0.024546442  0.697216157 -0.685674097  0.209138980  0.697217392 -0.128700932 -0.977577890  0.166666494
35  0.716440622  0.024546442 -0.697216157 -0.685674097  0.209138980 -0.697217392  0.128700932  0.977577890  0.166666494
36  0.382683437  0.923879822 -0.000000301 -0.461940034  0.191341269 -0.866025767 -0.800103325  0.331414090  0.499999807
37  0.132225434  0.101459924 -0.986013510 -0.608760615  0.793354014 -0.000000094  0.782257804  0.600246091  0.166666340
38  0.793354014  0.608760615 -0.000000094 -0.101459924  0.132225434  0.986013510  0.600246091 -0.782257804  0.166666340
39  0.056041861  0.788580895 -0.612373093 -0.597238962  0.517982318  0.612372939  0.800103903  0.331413890  0.499999279
40  0.056041861  0.788580895  0.612373093 -0.597238962  0.517982318 -0.612372939 -0.800103903 -0.331413890  0.499999279
41  0.024545795 -0.716440474  0.697217172  0.209139784  0.685674375  0.697217040 -0.977578278  0.128701579  0.166666340
42  0.024545795 -0.716440474 -0.697217172  0.209139784  0.685674375 -0.697217040  0.977578278 -0.128701579  0.166666340
43  0.101459341 -0.132226301 -0.986013796  0.793353956  0.608760983 -0.000000686  0.600247033 -0.782257442  0.166666494
44  0.025339762 -0.910734203  0.412216234  0.886260559  0.211236105  0.412216487 -0.462494577  0.354885083  0.812499575
45  0.025339762 -0.910734203 -0.412216234  0.886260559  0.211236105 -0.412216487  0.462494577 -0.354885083  0.812499575
46  0.608760983 -0.793353956 -0.000000686  0.132226301  0.101459341  0.986013796 -0.782257442 -0.600247033  0.166666494
47  0.049688288 -0.409496119  0.910957537  0.300724419  0.875891919  0.377330255 -0.952415629  0.255198405  0.166667099
48  0.875891919 -0.300724419  0.377330255  0.409496119  0.049688288 -0.910957537  0.255198405  0.952415629  0.166667099
49  0.175359368 -0.972874401 -0.150881253  0.824120361  0.061216842  0.563097577 -0.538586468 -0.223088884  0.812499918
50  0.175359368 -0.972874401  0.150881253  0.824120361  0.061216842 -0.563097577  0.538586468  0.223088884  0.812499918
51  0.408403021  0.057992278  0.910958049  0.768212816  0.517175620 -0.377331442 -0.493007849  0.853912668  0.166665532
52  0.517175620 -0.768212816 -0.377331442 -0.057992278  0.408403021 -0.910958049  0.853912668  0.493007849  0.166665532
53  0.409495981  0.049687582  0.910958512 -0.875892676  0.300723382  0.377331310 -0.255198523 -0.952416947  0.166665532
54  0.056041861 -0.597238962  0.800103903  0.788580895  0.517982318  0.331413890 -0.612373093  0.612372939  0.499999279
55  0.056041861 -0.597238962 -0.800103903  0.788580895  0.517982318 -0.331413890  0.612373093 -0.612372939  0.499999279
56  0.300723382  0.875892676  0.377331310 -0.049687582  0.409495981 -0.910958512 -0.952416947  0.255198523  0.166665532
57 -0.057991351  0.408404279  0.910957454 -0.517175979  0.768212281 -0.377331441 -0.853912493 -0.493007053  0.166667099
58  0.191341269 -0.923879822  0.331414090  0.461940034  0.382683437  0.800103325 -0.866025767  0.000000301  0.499999807
59  0.191341269 -0.923879822 -0.331414090  0.461940034  0.382683437 -0.800103325  0.866025767 -0.000000301  0.499999807
60  0.768212281  0.517175979 -0.377331441 -0.408404279 -0.057991351 -0.910957454 -0.493007053  0.853912493  0.166667099
61  0.154164683 -0.811883491 -0.563098114  0.985111272  0.082411101  0.150881805 -0.076092519 -0.577974683  0.812499492
62  0.154164683 -0.811883491  0.563098114  0.985111272  0.082411101 -0.150881805  0.076092519  0.577974683  0.812499492
63  0.132225434 -0.101459924  0.986013510  0.608760615  0.793354014 -0.000000094 -0.782257804  0.600246091  0.166666340
64  0.056041861 -0.788580895  0.612373093  0.597238962  0.517982318  0.612372939 -0.800103903  0.331413890  0.499999279
65  0.056041861 -0.788580895 -0.612373093  0.597238962  0.517982318 -0.612372939  0.800103903 -0.331413890  0.499999279
66  0.793354014 -0.608760615 -0.000000094  0.101459924  0.132225434 -0.986013510  0.600246091  0.782257804  0.166666340
67  0.191341269 -0.461940034 -0.866025767  0.923879822  0.382683437 -0.000000301  0.331414090 -0.800103325  0.499999807
68  0.382683437 -0.923879822 -0.000000301  0.461940034  0.191341269  0.866025767 -0.800103325 -0.331414090  0.499999807
69  0.716440622 -0.024546442 -0.697216157  0.685674097  0.209138980  0.697217392  0.128700932 -0.977577890  0.166666494
70  0.716440622 -0.024546442  0.697216157  0.685674097  0.209138980 -0.697217392 -0.128700932  0.977577890  0.166666494
71  0.101459341  0.132226301  0.986013796 -0.793353956  0.608760983 -0.000000686 -0.600247033 -0.782257442  0.166666494
72  0.608760983  0.793353956 -0.000000686 -0.132226301  0.101459341 -0.986013796 -0.782257442  0.600247033  0.166666494
73  0.025339762  0.910734203 -0.412216234 -0.886260559  0.211236105  0.412216487  0.462494577  0.354885083  0.812499575
74  0.025339762  0.910734203  0.412216234 -0.886260559  0.211236105 -0.412216487 -0.462494577 -0.354885083  0.812499575
75  0.024545795  0.716440474 -0.697217172 -0.209139784  0.685674375  0.697217040  0.977578278  0.128701579  0.166666340
76  0.024545795  0.716440474  0.697217172 -0.209139784  0.685674375 -0.697217040 -0.977578278 -0.128701579  0.166666340
77  0.408403021 -0.057992278 -0.910958049 -0.768212816  0.517175620 -0.377331442  0.493007849  0.853912668  0.166665532
78  0.517175620  0.768212816 -0.377331442  0.057992278  0.408403021  0.910958049  0.853912668 -0.493007849  0.166665532
79  0.049688288  0.409496119 -0.910957537 -0.300724419  0.875891919  0.377330255  0.952415629  0.255198405  0.166667099
80  0.175359368  0.972874401  0.150881253 -0.824120361  0.061216842  0.563097577  0.538586468 -0.223088884  0.812499918
81  0.175359368  0.972874401 -0.150881253 -0.824120361  0.061216842 -0.563097577 -0.538586468  0.223088884  0.812499918
82  0.875891919  0.300724419  0.377330255 -0.409496119  0.049688288  0.910957537  0.255198405 -0.952415629  0.166667099
83 -0.057991351 -0.408404279 -0.910957454  0.517175979  0.768212281 -0.377331441  0.853912493 -0.493007053  0.166667099
84  0.154164683  0.811883491  0.563098114 -0.985111272  0.082411101  0.150881805  0.076092519 -0.577974683  0.812499492
85  0.154164683  0.811883491 -0.563098114 -0.985111272  0.082411101 -0.150881805 -0.076092519  0.577974683  0.812499492
86  0.768212281 -0.517175979 -0.377331441  0.408404279 -0.057991351  0.910957454 -0.493007053 -0.853912493  0.166667099
87  0.191341269  0.923879822 -0.331414090 -0.461940034  0.382683437  0.800103325  0.866025767  0.000000301  0.499999807
88  0.191341269  0.923879822  0.331414090 -0.461940034  0.382683437 -0.800103325 -0.866025767 -0.000000301  0.499999807
89  0.409495981 -0.049687582 -0.910958512  0.875892676  0.300723382  0.377331310  0.255198523 -0.952416947  0.166665532
90  0.300723382 -0.875892676  0.377331310  0.049687582  0.409495981  0.910958512 -0.952416947 -0.255198523  0.166665532
91  0.056041861  0.597238962 -0.800103903 -0.788580895  0.517982318  0.331413890  0.612373093  0.612372939  0.499999279
92  0.056041861  0.597238962  0.800103903 -0.788580895  0.517982318 -0.331413890 -0.612373093 -0.612372939  0.499999279
93  0.685674375  0.209139784  0.697217040 -0.716440474  0.024545795  0.697217172  0.128701579 -0.977578278  0.166666340
94  0.685674375  0.209139784 -0.697217040 -0.716440474  0.024545795 -0.697217172 -0.128701579  0.977578278  0.166666340
95  0.101459341  0.132226301 -0.986013796 -0.793353956  0.608760983  0.000000686  0.600247033  0.782257442  0.166666494
96  0.211236105  0.886260559  0.412216487 -0.910734203  0.025339762  0.412216234  0.354885083 -0.462494577  0.812499575
97  0.211236105  0.886260559 -0.412216487 -0.910734203  0.025339762 -0.412216234 -0.354885083  0.462494577  0.812499575
98  0.608760983  0.793353956  0.000000686 -0.132226301  0.101459341  0.986013796  0.782257442 -0.600247033  0.166666494
99  0.191341269 -0.461940034  0.866025767  0.923879822  0.382683437  0.000000301 -0.331414090  0.800103325  0.499999807
100  0.209138980 -0.685674097  0.697217392  0.024546442  0.716440622  0.697216157 -0.977577890 -0.128700932  0.166666494
101  0.209138980 -0.685674097 -0.697217392  0.024546442  0.716440622 -0.697216157  0.977577890  0.128700932  0.166666494
102  0.382683437 -0.923879822  0.000000301  0.461940034  0.191341269 -0.866025767  0.800103325  0.331414090  0.499999807
103  0.132225434 -0.101459924 -0.986013510  0.608760615  0.793354014  0.000000094  0.782257804 -0.600246091  0.166666340
104  0.793354014 -0.608760615  0.000000094  0.101459924  0.132225434  0.986013510 -0.600246091 -0.782257804  0.166666340
105  0.517982318 -0.597238962 -0.612372939  0.788580895  0.056041861  0.612373093 -0.331413890 -0.800103903  0.499999279
106  0.517982318 -0.597238962  0.612372939  0.788580895  0.056041861 -0.612373093  0.331413890  0.800103903  0.499999279
107  0.408403021 -0.057992278  0.910958049 -0.768212816  0.517175620  0.377331442 -0.493007849 -0.853912668  0.166665532
108  0.517175620  0.768212816  0.377331442  0.057992278  0.408403021 -0.910958049 -0.853912668  0.493007849  0.166665532
109  0.049688288  0.409496119  0.910957537 -0.300724419  0.875891919 -0.377330255 -0.952415629 -0.255198405  0.166667099
110  0.875891919  0.300724419 -0.377330255 -0.409496119  0.049688288 -0.910957537 -0.255198405  0.952415629  0.166667099
111  0.061216842  0.824120361 -0.563097577 -0.972874401  0.175359368  0.150881253  0.223088884  0.538586468  0.812499918
112  0.061216842  0.824120361  0.563097577 -0.972874401  0.175359368 -0.150881253 -0.223088884 -0.538586468  0.812499918
113 -0.057991351 -0.408404279  0.910957454  0.517175979  0.768212281  0.377331441 -0.853912493  0.493007053  0.166667099
114  0.382683437  0.461940034  0.800103325 -0.923879822  0.191341269  0.331414090  0.000000301 -0.866025767  0.499999807
115  0.382683437  0.461940034 -0.800103325 -0.923879822  0.191341269 -0.331414090 -0.000000301  0.866025767  0.499999807
116  0.768212281 -0.517175979  0.377331441  0.408404279 -0.057991351 -0.910957454  0.493007053  0.853912493  0.166667099
117  0.082411101  0.985111272 -0.150881805 -0.811883491  0.154164683  0.563098114  0.577974683  0.076092519  0.812499492
118  0.082411101  0.985111272  0.150881805 -0.811883491  0.154164683 -0.563098114 -0.577974683 -0.076092519  0.812499492
119  0.409495981 -0.049687582  0.910958512  0.875892676  0.300723382 -0.377331310 -0.255198523  0.952416947  0.166665532
120  0.517982318  0.788580895  0.331413890 -0.597238962  0.056041861  0.800103903  0.612372939 -0.612373093  0.499999279
121  0.517982318  0.788580895 -0.331413890 -0.597238962  0.056041861 -0.800103903 -0.612372939  0.612373093  0.499999279
122  0.300723382 -0.875892676 -0.377331310  0.049687582  0.409495981 -0.910958512  0.952416947  0.255198523  0.166665532
123  0.101459341 -0.132226301  0.986013796  0.793353956  0.608760983  0.000000686 -0.600247033  0.782257442  0.166666494
124  0.608760983 -0.793353956  0.000000686  0.132226301  0.101459341 -0.986013796  0.782257442  0.600247033  0.166666494
125  0.211236105 -0.886260559 -0.412216487  0.910734203  0.025339762  0.412216234 -0.354885083 -0.462494577  0.812499575
126  0.211236105 -0.886260559  0.412216487  0.910734203  0.025339762 -0.412216234  0.354885083  0.462494577  0.812499575
127  0.685674375 -0.209139784 -0.697217040  0.716440474  0.024545795  0.697217172 -0.128701579 -0.977578278  0.166666340
128  0.685674375 -0.209139784  0.697217040  0.716440474  0.024545795 -0.697217172  0.128701579  0.977578278  0.166666340
129  0.132225434  0.101459924  0.986013510 -0.608760615  0.793354014  0.000000094 -0.782257804 -0.600246091  0.166666340
130  0.517982318  0.597238962  0.612372939 -0.788580895  0.056041861  0.612373093  0.331413890 -0.800103903  0.499999279
131  0.517982318  0.597238962 -0.612372939 -0.788580895  0.056041861 -0.612373093 -0.331413890  0.800103903  0.499999279
132  0.793354014  0.608760615  0.000000094 -0.101459924  0.132225434 -0.986013510 -0.600246091  0.782257804  0.166666340
133  0.191341269  0.461940034 -0.866025767 -0.923879822  0.382683437  0.000000301  0.331414090  0.800103325  0.499999807
134  0.382683437  0.923879822  0.000000301 -0.461940034  0.191341269  0.866025767  0.800103325 -0.331414090  0.499999807
135  0.209138980  0.685674097 -0.697217392 -0.024546442  0.716440622  0.697216157  0.977577890 -0.128700932  0.166666494
136  0.209138980  0.685674097  0.697217392 -0.024546442  0.716440622 -0.697216157 -0.977577890  0.128700932  0.166666494
137  0.049688288 -0.409496119 -0.910957537  0.300724419  0.875891919 -0.377330255  0.952415629 -0.255198405  0.166667099
138  0.061216842 -0.824120361  0.563097577  0.972874401  0.175359368  0.150881253 -0.223088884  0.538586468  0.812499918
139  0.061216842 -0.824120361 -0.563097577  0.972874401  0.175359368 -0.150881253  0.223088884 -0.538586468  0.812499918
140  0.875891919 -0.300724419 -0.377330255  0.409496119  0.049688288  0.910957537 -0.255198405 -0.952415629  0.166667099
141  0.408403021  0.057992278 -0.910958049  0.768212816  0.517175620  0.377331442  0.493007849 -0.853912668  0.166665532
142  0.517175620 -0.768212816  0.377331442 -0.057992278  0.408403021  0.910958049 -0.853912668 -0.493007849  0.166665532
143  0.409495981  0.049687582 -0.910958512 -0.875892676  0.300723382 -0.377331310  0.255198523  0.952416947  0.166665532
144  0.300723382  0.875892676 -0.377331310 -0.049687582  0.409495981  0.910958512  0.952416947 -0.255198523  0.166665532
145  0.517982318 -0.788580895 -0.331413890  0.597238962  0.056041861  0.800103903 -0.612372939 -0.612373093  0.499999279
146  0.517982318 -0.788580895  0.331413890  0.597238962  0.056041861 -0.800103903  0.612372939  0.612373093  0.499999279
147 -0.057991351  0.408404279 -0.910957454 -0.517175979  0.768212281  0.377331441  0.853912493  0.493007053  0.166667099
148  0.082411101 -0.985111272  0.150881805  0.811883491  0.154164683  0.563098114 -0.577974683  0.076092519  0.812499492
149  0.082411101 -0.985111272 -0.150881805  0.811883491  0.154164683 -0.563098114  0.577974683 -0.076092519  0.812499492
150  0.768212281  0.517175979  0.377331441 -0.408404279 -0.057991351  0.910957454  0.493007053 -0.853912493  0.166667099
151  0.382683437 -0.461940034 -0.800103325  0.923879822  0.191341269  0.331414090 -0.000000301 -0.866025767  0.499999807
152  0.382683437 -0.461940034  0.800103325  0.923879822  0.191341269 -0.331414090  0.000000301  0.866025767  0.499999807
153  0.002852459 -0.620858742  0.783917187  0.533841332  0.663815430  0.523796204 -0.845579782  0.416993349  0.333333607
154  0.536254789  0.312899292  0.783916410 -0.841800782  0.130412749  0.523797815  0.061663178 -0.940790487  0.333333256
155  0.002852459 -0.620858742 -0.783917187  0.533841332  0.663815430 -0.523796204  0.845579782 -0.416993349  0.333333607
156  0.536254789  0.312899292 -0.783916410 -0.841800782  0.130412749 -0.523797815 -0.061663178  0.940790487  0.333333256
157  0.663815430 -0.533841332 -0.523796204  0.620858742  0.002852459  0.783917187 -0.416993349 -0.845579782  0.333333607
158  0.130412749  0.841800782 -0.523797815 -0.312899292  0.536254789  0.783916410  0.940790487  0.061663178  0.333333256
159  0.663815430 -0.533841332  0.523796204  0.620858742  0.002852459 -0.783917187  0.416993349  0.845579782  0.333333607
160  0.130412749  0.841800782  0.523797815 -0.312899292  0.536254789 -0.783916410 -0.940790487 -0.061663178  0.333333256
161  0.308657816 -0.461939359 -0.831470151 -0.461939359  0.691342469 -0.555569727  0.831470151  0.555569727  0.000000285
162  0.308657816 -0.461939359  0.831470151 -0.461939359  0.691342469  0.555569727 -0.831470151 -0.555569727  0.000000285
163  0.114221089 -0.672712594  0.731034965  0.937164462  0.317141624  0.145411784 -0.329662138  0.668490524  0.666666033
164  0.114221089 -0.672712594 -0.731034965  0.937164462  0.317141624 -0.145411784  0.329662138 -0.668490524  0.666666033
165  0.691342469  0.461939359  0.555569727  0.461939359  0.308657816 -0.831470151 -0.555569727  0.831470151  0.000000285
166  0.691342469  0.461939359 -0.555569727  0.461939359  0.308657816  0.831470151  0.555569727 -0.831470151  0.000000285
167  0.317141624 -0.937164462 -0.145411784  0.672712594  0.114221089  0.731034965 -0.668490524 -0.329662138  0.666666033
168  0.317141624 -0.937164462  0.145411784  0.672712594  0.114221089 -0.731034965  0.668490524  0.329662138  0.666666033
169  0.038060019  0.191342168 -0.980785693  0.191342168  0.961939595  0.195090821  0.980785693 -0.195090821 -0.000000386
170  0.038060019  0.191342168  0.980785693  0.191342168  0.961939595 -0.195090821 -0.980785693  0.195090821 -0.000000386
171  0.083455509 -0.906398783  0.414098040  0.703478274  0.347907289  0.619741381 -0.705800438  0.239587785  0.666666117
172  0.083455509 -0.906398783 -0.414098040  0.703478274  0.347907289 -0.619741381  0.705800438 -0.239587785  0.666666117
173  0.961939595 -0.191342168 -0.195090821 -0.191342168  0.038060019 -0.980785693  0.195090821  0.980785693 -0.000000386
174  0.961939595 -0.191342168  0.195090821 -0.191342168  0.038060019  0.980785693 -0.195090821 -0.980785693 -0.000000386
175  0.347907289 -0.703478274 -0.619741381  0.906398783  0.083455509  0.414098040 -0.239587785 -0.705800438  0.666666117
176  0.347907289 -0.703478274  0.619741381  0.906398783  0.083455509 -0.414098040  0.239587785  0.705800438  0.666666117
177  0.036335053 -0.554381326 -0.831470274 -0.054380293  0.829689177 -0.555570837  0.997859837  0.065402726 -0.000000738
178  0.498275388 -0.245721999 -0.831470338 -0.745723032  0.367749443 -0.555570198  0.442288802  0.896873338 -0.000000136
179  0.036335053 -0.554381326  0.831470274 -0.054380293  0.829689177  0.555570837 -0.997859837 -0.065402726 -0.000000738
180  0.498275388 -0.245721999  0.831470338 -0.745723032  0.367749443  0.555570198 -0.442288802 -0.896873338 -0.000000136
181  0.237435826  0.639697767  0.731034252 -0.970179290  0.193927696  0.145410730 -0.048748906 -0.743759976  0.666666841
182  0.237435826  0.639697767 -0.731034252 -0.970179290  0.193927696 -0.145410730  0.048748906  0.743759976  0.666666841
183  0.829689177  0.054380293  0.555570837  0.554381326  0.036335053 -0.831470274 -0.065402726  0.997859837 -0.000000738
184  0.367749443  0.745723032  0.555570198  0.245721999  0.498275388 -0.831470338 -0.896873338  0.442288802 -0.000000136
185  0.829689177  0.054380293 -0.555570837  0.554381326  0.036335053  0.831470274  0.065402726 -0.997859837 -0.000000738
186  0.367749443  0.745723032 -0.555570198  0.245721999  0.498275388  0.831470338  0.896873338 -0.442288802 -0.000000136
187  0.193927696  0.970179290 -0.145410730 -0.639697767  0.237435826  0.731034252  0.743759976 -0.048748906  0.666666841
188  0.193927696  0.970179290  0.145410730 -0.639697767  0.237435826 -0.731034252 -0.743759976  0.048748906  0.666666841
189 -0.062710480  0.184737397 -0.980785988 -0.315263635  0.928734914  0.195090779  0.946930779  0.321439988 -0.000000533
190  0.128631255  0.146675859 -0.980786000  0.646676892  0.737393614  0.195089603  0.751840397 -0.659346000 -0.000000099
191 -0.062710480  0.184737397  0.980785988 -0.315263635  0.928734914 -0.195090779 -0.946930779 -0.321439988 -0.000000533
192  0.128631255  0.146675859  0.980786000  0.646676892  0.737393614 -0.195089603 -0.751840397  0.659346000 -0.000000099
193  0.380922486  0.826692870  0.414097731 -0.783184186  0.050441189  0.619740409  0.491447416 -0.560387850  0.666666993
194  0.380922486  0.826692870 -0.414097731 -0.783184186  0.050441189 -0.619740409 -0.491447416  0.560387850  0.666666993
195  0.928734914  0.315263635 -0.195090779 -0.184737397 -0.062710480 -0.980785988 -0.321439988  0.946930779 -0.000000533
196  0.737393614 -0.646676892 -0.195089603 -0.146675859  0.128631255 -0.980786000  0.659346000  0.751840397 -0.000000099
197  0.928734914  0.315263635  0.195090779 -0.184737397 -0.062710480  0.980785988  0.321439988 -0.946930779 -0.000000533
198  0.737393614 -0.646676892  0.195089603 -0.146675859  0.128631255  0.980786000 -0.659346000 -0.751840397 -0.000000099
199  0.050441189  0.783184186 -0.619740409 -0.826692870  0.380922486  0.414097731  0.560387850  0.491447416  0.666666993
200  0.050441189  0.783184186  0.619740409 -0.826692870  0.380922486 -0.414097731 -0.560387850 -0.491447416  0.666666993
201  0.536254789 -0.312899292 -0.783916410  0.841800782  0.130412749  0.523797815 -0.061663178 -0.940790487  0.333333256
202  0.002852459  0.620858742 -0.783917187 -0.533841332  0.663815430  0.523796204  0.845579782  0.416993349  0.333333607
203  0.536254789 -0.312899292  0.783916410  0.841800782  0.130412749 -0.523797815  0.061663178  0.940790487  0.333333256
204  0.002852459  0.620858742  0.783917187 -0.533841332  0.663815430 -0.523796204 -0.845579782 -0.416993349  0.333333607
205  0.130412749 -0.841800782  0.523797815  0.312899292  0.536254789  0.783916410 -0.940790487  0.061663178  0.333333256
206  0.663815430  0.533841332  0.523796204 -0.620858742  0.002852459  0.783917187  0.416993349 -0.845579782  0.333333607
207  0.130412749 -0.841800782 -0.523797815  0.312899292  0.536254789 -0.783916410  0.940790487 -0.061663178  0.333333256
208  0.663815430  0.533841332 -0.523796204 -0.620858742  0.002852459 -0.783917187 -0.416993349  0.845579782  0.333333607
209  0.038060019 -0.191342168 -0.980785693 -0.191342168  0.961939595 -0.195090821  0.980785693  0.195090821 -0.000000386
210  0.038060019 -0.191342168  0.980785693 -0.191342168  0.961939595  0.195090821 -0.980785693 -0.195090821 -0.000000386
211  0.347907289  0.703478274  0.619741381 -0.906398783  0.083455509  0.414098040  0.239587785 -0.705800438  0.666666117
212  0.347907289  0.703478274 -0.619741381 -0.906398783  0.083455509 -0.414098040 -0.239587785  0.705800438  0.666666117
213  0.961939595  0.191342168  0.195090821  0.191342168  0.038060019 -0.980785693 -0.195090821  0.980785693 -0.000000386
214  0.961939595  0.191342168 -0.195090821  0.191342168  0.038060019  0.980785693  0.195090821 -0.980785693 -0.000000386
215  0.083455509  0.906398783 -0.414098040 -0.703478274  0.347907289  0.619741381  0.705800438  0.239587785  0.666666117
216  0.083455509  0.906398783  0.414098040 -0.703478274  0.347907289 -0.619741381 -0.705800438 -0.239587785  0.666666117
217  0.308657816  0.461939359 -0.831470151  0.461939359  0.691342469  0.555569727  0.831470151 -0.555569727  0.000000285
218  0.308657816  0.461939359  0.831470151  0.461939359  0.691342469 -0.555569727 -0.831470151  0.555569727  0.000000285
219  0.317141624  0.937164462  0.145411784 -0.672712594  0.114221089  0.731034965  0.668490524 -0.329662138  0.666666033
220  0.317141624  0.937164462 -0.145411784 -0.672712594  0.114221089 -0.731034965 -0.668490524  0.329662138  0.666666033
221  0.691342469 -0.461939359 -0.555569727 -0.461939359  0.308657816 -0.831470151  0.555569727  0.831470151  0.000000285
222  0.691342469 -0.461939359  0.555569727 -0.461939359  0.308657816  0.831470151 -0.555569727 -0.831470151  0.000000285
223  0.114221089  0.672712594 -0.731034965 -0.937164462  0.317141624  0.145411784  0.329662138  0.668490524  0.666666033
224  0.114221089  0.672712594  0.731034965 -0.937164462  0.317141624 -0.145411784 -0.329662138 -0.668490524  0.666666033
225  0.128631255 -0.146675859 -0.980786000 -0.646676892  0.737393614 -0.195089603  0.751840397  0.659346000 -0.000000099
226 -0.062710480 -0.184737397 -0.980785988  0.315263635  0.928734914 -0.195090779  0.946930779 -0.321439988 -0.000000533
227  0.128631255 -0.146675859  0.980786000 -0.646676892  0.737393614  0.195089603 -0.751840397 -0.659346000 -0.000000099
228 -0.062710480 -0.184737397  0.980785988  0.315263635  0.928734914  0.195090779 -0.946930779  0.321439988 -0.000000533
229  0.050441189 -0.783184186  0.619740409  0.826692870  0.380922486  0.414097731 -0.560387850  0.491447416  0.666666993
230  0.050441189 -0.783184186 -0.619740409  0.826692870  0.380922486 -0.414097731  0.560387850 -0.491447416  0.666666993
231  0.737393614  0.646676892  0.195089603  0.146675859  0.128631255 -0.980786000 -0.659346000  0.751840397 -0.000000099
232  0.928734914 -0.315263635  0.195090779  0.184737397 -0.062710480 -0.980785988  0.321439988  0.946930779 -0.000000533
233  0.737393614  0.646676892 -0.195089603  0.146675859  0.128631255  0.980786000  0.659346000 -0.751840397 -0.000000099
234  0.928734914 -0.315263635 -0.195090779  0.184737397 -0.062710480  0.980785988 -0.321439988 -0.946930779 -0.000000533
235  0.380922486 -0.826692870 -0.414097731  0.783184186  0.050441189  0.619740409 -0.491447416 -0.560387850  0.666666993
236  0.380922486 -0.826692870  0.414097731  0.783184186  0.050441189 -0.619740409  0.491447416  0.560387850  0.666666993
237  0.498275388  0.245721999 -0.831470338  0.745723032  0.367749443  0.555570198  0.442288802 -0.896873338 -0.000000136
238  0.036335053  0.554381326 -0.831470274  0.054380293  0.829689177  0.555570837  0.997859837 -0.065402726 -0.000000738
239  0.498275388  0.245721999  0.831470338  0.745723032  0.367749443 -0.555570198 -0.442288802  0.896873338 -0.000000136
240  0.036335053  0.554381326  0.831470274  0.054380293  0.829689177 -0.555570837 -0.997859837  0.065402726 -0.000000738
241  0.193927696 -0.970179290  0.145410730  0.639697767  0.237435826  0.731034252 -0.743759976 -0.048748906  0.666666841
242  0.193927696 -0.970179290 -0.145410730  0.639697767  0.237435826 -0.731034252  0.743759976  0.048748906  0.666666841
243  0.367749443 -0.745723032 -0.555570198 -0.245721999  0.498275388 -0.831470338  0.896873338  0.442288802 -0.000000136
244  0.829689177 -0.054380293 -0.555570837 -0.554381326  0.036335053 -0.831470274  0.065402726  0.997859837 -0.000000738
245  0.367749443 -0.745723032  0.555570198 -0.245721999  0.498275388  0.831470338 -0.896873338 -0.442288802 -0.000000136
246  0.829689177 -0.054380293  0.555570837 -0.554381326  0.036335053  0.831470274 -0.065402726 -0.997859837 -0.000000738
247  0.237435826 -0.639697767 -0.731034252  0.970179290  0.193927696  0.145410730  0.048748906 -0.743759976  0.666666841
248  0.237435826 -0.639697767  0.731034252  0.970179290  0.193927696 -0.145410730 -0.048748906  0.743759976  0.666666841
249  0.289824930  0.246868772  0.924692924 -0.907831302  0.376843275  0.183932585 -0.303056960 -0.892773587  0.333333923
250  0.068883493 -0.374429873  0.924692713  0.780270201  0.597785041  0.183932451 -0.621637159  0.708840605  0.333334252
251  0.376843275  0.907831302  0.183932585 -0.246868772  0.289824930 -0.924692924 -0.892773587  0.303056960  0.333333923
252  0.597785041 -0.780270201  0.183932451  0.374429873  0.068883493 -0.924692713  0.708840605  0.621637159  0.333334252
253  0.289824930  0.246868772 -0.924692924 -0.907831302  0.376843275 -0.183932585  0.303056960  0.892773587  0.333333923
254  0.068883493 -0.374429873 -0.924692713  0.780270201  0.597785041 -0.183932451  0.621637159 -0.708840605  0.333334252
255  0.376843275  0.907831302 -0.183932585 -0.246868772  0.289824930  0.924692924  0.892773587 -0.303056960  0.333333923
256  0.597785041 -0.780270201 -0.183932451  0.374429873  0.068883493  0.924692713 -0.708840605 -0.621637159  0.333334252
257  0.417699856 -0.366313002 -0.831469227 -0.625132029  0.548225801 -0.555569976  0.659345309  0.751839636 -0.000000136
258  0.417699856 -0.366313002  0.831469227 -0.625132029  0.548225801  0.555569976 -0.659345309 -0.751839636 -0.000000136
259  0.548225801  0.625132029  0.555569976  0.366313002  0.417699856 -0.831469227 -0.751839636  0.659345309 -0.000000136
260  0.548225801  0.625132029 -0.555569976  0.366313002  0.417699856  0.831469227  0.751839636 -0.659345309 -0.000000136
261 -0.012760067  0.194672633 -0.980784997 -0.064146395  0.978685327  0.195090389  0.997858650  0.065403257 -0.000000533
262 -0.012760067  0.194672633  0.980784997 -0.064146395  0.978685327 -0.195090389 -0.997858650 -0.065403257 -0.000000533
263  0.978685327  0.064146395 -0.195090389 -0.194672633 -0.012760067 -0.980784997 -0.065403257  0.997858650 -0.000000533
264  0.978685327  0.064146395  0.195090389 -0.194672633 -0.012760067  0.980784997  0.065403257 -0.997858650 -0.000000533
265  0.178581668 -0.526085889 -0.831469442 -0.267266862  0.787344027 -0.555569620  0.946929892  0.321438665 -0.000000099
266  0.178581668 -0.526085889  0.831469442 -0.267266862  0.787344027  0.555569620 -0.946929892 -0.321438665 -0.000000099
267  0.787344027  0.267266862  0.555569620  0.526085889  0.178581668 -0.831469442 -0.321438665  0.946929892 -0.000000099
268  0.787344027  0.267266862 -0.555569620  0.526085889  0.178581668  0.831469442  0.321438665 -0.946929892 -0.000000099
269  0.086285466  0.174971296 -0.980785179  0.433790323  0.879639590  0.195089999  0.896872609 -0.442288591 -0.000000738
270  0.086285466  0.174971296  0.980785179  0.433790323  0.879639590 -0.195089999 -0.896872609  0.442288591 -0.000000738
271  0.879639590 -0.433790323 -0.195089999 -0.174971296  0.086285466 -0.980785179  0.442288591  0.896872609 -0.000000738
272  0.879639590 -0.433790323  0.195089999 -0.174971296  0.086285466  0.980785179 -0.442288591 -0.896872609 -0.000000738
273  0.068883493  0.374429873 -0.924692713 -0.780270201  0.597785041  0.183932451  0.621637159  0.708840605  0.333334252
274  0.289824930 -0.246868772 -0.924692924  0.907831302  0.376843275  0.183932585  0.303056960 -0.892773587  0.333333923
275  0.597785041  0.780270201  0.183932451 -0.374429873  0.068883493  0.924692713  0.708840605 -0.621637159  0.333334252
276  0.376843275 -0.907831302  0.183932585  0.246868772  0.289824930  0.924692924 -0.892773587 -0.303056960  0.333333923
277  0.068883493  0.374429873  0.924692713 -0.780270201  0.597785041 -0.183932451 -0.621637159 -0.708840605  0.333334252
278  0.289824930 -0.246868772  0.924692924  0.907831302  0.376843275 -0.183932585 -0.303056960  0.892773587  0.333333923
279  0.597785041  0.780270201 -0.183932451 -0.374429873  0.068883493 -0.924692713 -0.708840605  0.621637159  0.333334252
280  0.376843275 -0.907831302 -0.183932585  0.246868772  0.289824930 -0.924692924  0.892773587  0.303056960  0.333333923
281 -0.012760067 -0.194672633 -0.980784997  0.064146395  0.978685327 -0.195090389  0.997858650 -0.065403257 -0.000000533
282 -0.012760067 -0.194672633  0.980784997  0.064146395  0.978685327  0.195090389 -0.997858650  0.065403257 -0.000000533
283  0.978685327 -0.064146395  0.195090389  0.194672633 -0.012760067 -0.980784997  0.065403257  0.997858650 -0.000000533
284  0.978685327 -0.064146395 -0.195090389  0.194672633 -0.012760067  0.980784997 -0.065403257 -0.997858650 -0.000000533
285  0.417699856  0.366313002 -0.831469227  0.625132029  0.548225801  0.555569976  0.659345309 -0.751839636 -0.000000136
286  0.417699856  0.366313002  0.831469227  0.625132029  0.548225801 -0.555569976 -0.659345309  0.751839636 -0.000000136
287  0.548225801 -0.625132029 -0.555569976 -0.366313002  0.417699856 -0.831469227  0.751839636  0.659345309 -0.000000136
288  0.548225801 -0.625132029  0.555569976 -0.366313002  0.417699856  0.831469227 -0.751839636 -0.659345309 -0.000000136
289  0.086285466 -0.174971296 -0.980785179 -0.433790323  0.879639590 -0.195089999  0.896872609  0.442288591 -0.000000738
290  0.086285466 -0.174971296  0.980785179 -0.433790323  0.879639590  0.195089999 -0.896872609 -0.442288591 -0.000000738
291  0.879639590  0.433790323  0.195089999  0.174971296  0.086285466 -0.980785179 -0.442288591  0.896872609 -0.000000738
292  0.879639590  0.433790323 -0.195089999  0.174971296  0.086285466  0.980785179  0.442288591 -0.896872609 -0.000000738
293  0.178581668  0.526085889 -0.831469442  0.267266862  0.787344027  0.555569620  0.946929892 -0.321438665 -0.000000099
294  0.178581668  0.526085889  0.831469442  0.267266862  0.787344027 -0.555569620 -0.946929892  0.321438665 -0.000000099
295  0.787344027 -0.267266862 -0.555569620 -0.526085889  0.178581668 -0.831469442  0.321438665  0.946929892 -0.000000099
296  0.787344027 -0.267266862  0.555569620 -0.526085889  0.178581668  0.831469442 -0.321438665 -0.946929892 -0.000000099
297  0.268829644 -0.656659976  0.704646808 -0.156432825  0.692099258  0.704646645 -0.950398979 -0.299659473  0.083333720
298  0.703098922 -0.095516541  0.704648224 -0.677592671  0.210573936  0.704647747 -0.215686579 -0.972901262  0.083332821
299  0.268829644 -0.656659976 -0.704646808 -0.156432825  0.692099258 -0.704646645  0.950398979  0.299659473  0.083333720
300  0.703098922 -0.095516541 -0.704648224 -0.677592671  0.210573936 -0.704647747  0.215686579  0.972901262  0.083332821
301  0.046107652 -0.996333169 -0.072074763  0.996560354  0.040904275  0.072074782 -0.068862295 -0.075150050  0.994791665
302 -0.046108146  0.996333169 -0.072074763 -0.996560354 -0.040904768  0.072074782  0.068862295  0.075150050  0.994791665
303  0.046107652 -0.996333169  0.072074763  0.996560354  0.040904275 -0.072074782  0.068862295  0.075150050  0.994791665
304 -0.046108146  0.996333169  0.072074763 -0.996560354 -0.040904768 -0.072074782 -0.068862295 -0.075150050  0.994791665
305  0.070281815  0.044775857 -0.996522651 -0.537300273  0.843391203  0.000000650  0.840458618  0.535431327  0.083332980
306  0.073916810 -0.038478839 -0.996521573  0.461748312  0.887010960 -0.000000291  0.883925541 -0.460142241  0.083332588
307  0.843391203  0.537300273  0.000000650 -0.044775857  0.070281815  0.996522651  0.535431327 -0.840458618  0.083332980
308  0.887010960 -0.461748312 -0.000000291  0.038478839  0.073916810  0.996521573 -0.460142241 -0.883925541  0.083332588
309  0.438600635  0.086154176  0.894542915 -0.835441541  0.405886492  0.370531615 -0.331160082 -0.909853672  0.249998820
310  0.405886492  0.835441541  0.370531615 -0.086154176  0.438600635 -0.894542915 -0.909853672  0.331160082  0.249998820
311  0.047600355  0.444440622  0.894542587 -0.477155094  0.796887239 -0.370531620 -0.877528873 -0.409198239  0.249999286
312  0.796887239  0.477155094 -0.370531620 -0.444440622  0.047600355 -0.894542587 -0.409198239  0.877528873  0.249999286
313  0.168896749  0.184318588  0.968246151 -0.737277129  0.675590453 -0.000000152 -0.654137896 -0.713865689  0.249998895
314  0.675590453  0.737277129 -0.000000152 -0.184318588  0.168896749 -0.968246151 -0.713865689  0.654137896  0.249998895
315  0.145764990  0.714144144 -0.684653139 -0.207451572  0.698723212  0.684652788  0.967323950  0.042234299  0.249999895
316  0.145764990  0.714144144  0.684653139 -0.207451572  0.698723212 -0.684652788 -0.967323950 -0.042234299  0.249999895
317  0.043343736 -0.387937060 -0.920665643  0.112290090  0.917584534 -0.381352170  0.992729230 -0.086852628  0.083333089
318  0.357635810 -0.156430487 -0.920666359 -0.738506617  0.556038504 -0.381352128  0.571581156  0.816303235  0.083334276
319  0.041319011 -0.775616637  0.629849945  0.948032576  0.229478005  0.220394154 -0.315477980  0.588012058  0.744792118
320  0.041319011 -0.775616637 -0.629849945  0.948032576  0.229478005 -0.220394154  0.315477980 -0.588012058  0.744792118
321  0.917584534 -0.112290090 -0.381352170  0.387937060  0.043343736  0.920665643 -0.086852628 -0.992729230  0.083333089
322  0.556038504  0.738506617 -0.381352128  0.156430487  0.357635810  0.920666359  0.816303235 -0.571581156  0.083334276
323  0.342639844  0.187007551 -0.920666290  0.687234702  0.618286987  0.381352650  0.640551877 -0.763380347  0.083331650
324  0.009368550  0.390239477 -0.920666111 -0.191836653  0.904305695  0.381352823  0.981382512  0.173044585  0.083334208
325  0.145977636  0.964426252  0.220394408 -0.776267049 -0.026438583  0.629850668  0.613270869 -0.263029278  0.744791775
326  0.145977636  0.964426252 -0.220394408 -0.776267049 -0.026438583 -0.629850668 -0.613270869  0.263029278  0.744791775
327  0.618286987 -0.687234702  0.381352650 -0.187007551  0.342639844  0.920666290 -0.763380347 -0.640551877  0.083331650
